   2.8213608e-02   5.1307100e-01   1.0436897e+00   4.6759065e+02   2.5515687e-04   5.1750415e-01   3.1689632e-04   1.0000000e+00   0.0000000e+00   2.9592806e+00
   4.3824148e-02   5.7167544e-01   1.3324614e+00   4.5475107e+02   4.9357903e-04   6.5144047e-01   4.6179640e-04   1.0000000e+00   0.0000000e+00   2.9544130e+00
   2.8284895e-02   1.8539215e-01   5.8901836e-01   4.5736948e+02   4.4191349e-04   1.0242917e+00   4.7461903e-04   1.0000000e+00   1.0000000e+00   2.8407760e+00
   2.6205385e-02   1.5296381e-01   1.0228293e+00   4.3738527e+02   2.5169086e-04   7.7532101e-01   3.8220775e-04   1.0000000e+00   0.0000000e+00   3.0100835e+00
   2.5478947e-02   7.3756061e-01   7.1006354e-01   4.2113626e+02   3.8670444e-04   2.0789487e-01   2.6868558e-04   1.0000000e+00   0.0000000e+00   2.9793778e+00
   3.8248622e-02   1.3167125e-01   1.3564250e+00   5.0074354e+02   2.7208936e-04   4.8918243e-01   4.9133909e-04   1.0000000e+00   0.0000000e+00   2.7551450e+00
   3.7732148e-02   3.2493419e-01   1.1864775e+00   4.2912031e+02   3.7565601e-04   5.6807279e-01   3.7554443e-04   1.0000000e+00   0.0000000e+00   2.8185587e+00
   4.0315008e-02   4.1772537e-02   1.2118921e+00   4.7045297e+02   3.6164415e-04   7.0686512e-01   3.6269903e-04   1.0000000e+00   0.0000000e+00   3.0031441e+00
   2.9371214e-02   6.6103662e-01   1.2473627e+00   4.8765020e+02   3.7121546e-04   8.6262562e-01   3.8436961e-04   1.0000000e+00   0.0000000e+00   3.0001539e+00
   2.7060711e-02   8.2000808e-01   1.0333997e+00   4.3611242e+02   2.9643285e-04   9.6127463e-01   3.5830462e-04   1.0000000e+00   0.0000000e+00   2.9762788e+00
   2.8474021e-02   1.1156596e+00   1.3311318e+00   4.6289526e+02   4.8136747e-04   3.5532343e-01   3.1439257e-04   1.0000000e+00   0.0000000e+00   2.8423554e+00
   3.5191870e-02   1.4785625e-01   1.1615965e+00   4.3923128e+02   4.5475006e-04   2.6146641e-01   3.7261391e-04   1.0000000e+00   0.0000000e+00   2.9037745e+00
   3.8223886e-02   7.5391860e-01   1.1997409e+00   4.4991933e+02   3.4986079e-04   7.4279757e-01   2.7983654e-04   1.0000000e+00   0.0000000e+00   2.9466560e+00
   4.0729582e-02   5.9285798e-02   1.2964731e+00   4.7405805e+02   3.4750307e-04   1.0415895e+00   4.6662772e-04   1.0000000e+00   0.0000000e+00   2.9683914e+00
   2.5227022e-02   4.3599224e-03   1.5621818e-01   4.9766508e+02   3.3031809e-04   1.0384191e+00   2.5552297e-04   1.0000000e+00   1.0000000e+00   2.7857752e+00
   2.6155984e-02   4.4894409e-01   7.6768901e-01   4.4508962e+02   4.6857703e-04   7.0547175e-01   2.6511145e-04   1.0000000e+00   0.0000000e+00   2.5627600e+00
   2.5126553e-02   7.9419983e-01   2.1299195e-01   4.5296323e+02   3.3178473e-04   9.3194488e-01   3.0431104e-04   1.0000000e+00   1.0000000e+00   2.8854901e+00
   3.2323325e-02   5.7610098e-01   1.1509605e+00   4.2757402e+02   2.5211954e-04   7.3858171e-01   4.7010589e-04   1.0000000e+00   0.0000000e+00   2.9630802e+00
   2.9169178e-02   9.3753444e-01   1.0080355e+00   4.2885091e+02   4.7713947e-04   9.5860636e-01   2.8533947e-04   1.0000000e+00   1.0000000e+00   2.8889145e+00
   2.6765633e-02   7.2358274e-01   9.8424619e-01   4.5215913e+02   3.9055133e-04   2.9883712e-01   2.6629364e-04   1.0000000e+00   0.0000000e+00   2.9797797e+00
   4.0625155e-02   5.7530694e-02   1.2887004e+00   4.8011785e+02   3.5808873e-04   8.9854768e-01   4.3297398e-04   1.0000000e+00   0.0000000e+00   2.8790171e+00
   3.2694376e-02   4.1466720e-01   1.2277225e+00   4.6990919e+02   3.7472582e-04   8.3060266e-01   4.3970740e-04   1.0000000e+00   0.0000000e+00   3.0444797e+00
   3.8812351e-02   8.5088413e-01   1.3120510e+00   4.2726820e+02   4.2323041e-04   6.3393108e-01   3.8707125e-04   1.0000000e+00   0.0000000e+00   2.6082357e+00
   2.5052023e-02   8.7821086e-01   9.5996968e-01   4.4149740e+02   3.7678683e-04   7.7764426e-01   2.5897312e-04   1.0000000e+00   0.0000000e+00   2.9607810e+00
   3.3546627e-02   5.0045122e-01   8.6662638e-01   4.3324133e+02   4.9219084e-04   9.6393500e-01   3.5532784e-04   1.0000000e+00   1.0000000e+00   2.7762004e+00
   2.5393414e-02   4.2587985e-01   7.5056614e-01   4.9440347e+02   4.9392188e-04   1.0440749e+00   4.3074322e-04   1.0000000e+00   1.0000000e+00   2.9691819e+00
   2.8421879e-02   3.6966150e-01   7.3741546e-01   4.2153825e+02   2.6414418e-04   1.8578678e-01   2.6535237e-04   1.0000000e+00   0.0000000e+00   2.9164014e+00
   3.8307106e-02   5.3502439e-01   1.2360486e+00   4.4259603e+02   4.9932981e-04   9.7107185e-01   3.6171401e-04   1.0000000e+00   0.0000000e+00   2.7965047e+00
   2.5396013e-02   1.1541334e-01   8.1647799e-01   4.9372125e+02   3.7808228e-04   1.8582503e-01   2.6660168e-04   1.0000000e+00   0.0000000e+00   2.8570791e+00
   2.9806733e-02   1.2131229e-01   4.1697309e-01   4.4494176e+02   4.1642725e-04   9.8976885e-01   2.7743626e-04   1.0000000e+00   1.0000000e+00   2.8932362e+00
   2.6782465e-02   1.3087721e-02   6.3107193e-01   4.5542509e+02   4.8765469e-04   5.8210001e-01   2.5502169e-04   1.0000000e+00   0.0000000e+00   2.8360458e+00
   4.0225482e-02   6.1060256e-01   1.2594668e+00   4.7518133e+02   4.1847193e-04   1.0047667e+00   3.1650352e-04   1.0000000e+00   0.0000000e+00   2.8996413e+00
   2.6989615e-02   4.1042459e-01   1.0755461e+00   4.9393587e+02   4.4560468e-04   9.1956585e-01   3.4809983e-04   1.0000000e+00   0.0000000e+00   2.9662335e+00
   2.5321543e-02   9.6227160e-02   2.4421332e-01   4.7131387e+02   4.0717447e-04   9.7289005e-01   4.6372271e-04   1.0000000e+00   1.0000000e+00   2.8990774e+00
   2.5792432e-02   6.5296367e-01   2.3232063e-01   4.6260370e+02   4.6934271e-04   7.0114283e-01   2.5378776e-04   1.0000000e+00   1.0000000e+00   2.9194117e+00
   2.8821504e-02   8.3684595e-01   9.8945582e-01   4.2456400e+02   4.7009265e-04   2.8534323e-01   3.0528617e-04   1.0000000e+00   0.0000000e+00   2.9999337e+00
   2.5169683e-02   1.4004975e-01   8.1728263e-01   4.2504648e+02   4.1381061e-04   1.0454678e+00   3.6938226e-04   1.0000000e+00   0.0000000e+00   2.7984037e+00
   3.7479305e-02   4.1632619e-01   1.2364151e+00   4.4475767e+02   4.7322154e-04   4.3933250e-01   4.7149503e-04   1.0000000e+00   0.0000000e+00   2.9017594e+00
   3.2179344e-02   3.3684742e-01   9.6126745e-01   4.5527616e+02   3.4640038e-04   1.0197915e+00   2.8373039e-04   1.0000000e+00   0.0000000e+00   2.9438403e+00
   4.4684565e-02   3.2959502e-01   1.3129736e+00   4.8714437e+02   2.9621685e-04   7.2282069e-01   3.7550020e-04   1.0000000e+00   0.0000000e+00   2.8876319e+00
   4.3531775e-02   1.9462102e-01   1.2483840e+00   4.3698755e+02   3.0231690e-04   4.8439460e-01   4.1222107e-04   1.0000000e+00   0.0000000e+00   2.8321563e+00
   4.6829951e-02   1.1865975e-01   1.3322625e+00   4.7798044e+02   4.6686184e-04   8.9786887e-01   4.2354834e-04   1.0000000e+00   0.0000000e+00   2.9248376e+00
   2.6636338e-02   7.6467657e-03   8.1636266e-01   4.2710821e+02   4.7291684e-04   5.2455621e-01   3.3238614e-04   1.0000000e+00   0.0000000e+00   3.0244324e+00
   3.2056510e-02   1.0452699e+00   1.2229045e+00   4.3169206e+02   3.1714582e-04   2.8972162e-01   2.6110208e-04   1.0000000e+00   0.0000000e+00   2.9808635e+00
   3.2992578e-02   6.1724650e-01   1.1541851e+00   4.4751711e+02   4.3407857e-04   1.7658315e-01   3.2380807e-04   1.0000000e+00   0.0000000e+00   3.0229085e+00
   2.5250280e-02   2.2402830e-01   1.6898312e-01   4.3251150e+02   4.8179209e-04   9.0583210e-01   4.5792437e-04   1.0000000e+00   1.0000000e+00   2.9407724e+00
   4.4538665e-02   7.5707554e-01   1.2891425e+00   4.6206319e+02   4.8758590e-04   3.6403655e-01   3.4191751e-04   1.0000000e+00   0.0000000e+00   3.1024889e+00
   3.6974692e-02   5.7203004e-01   1.3303132e+00   4.5233011e+02   4.1010630e-04   4.9321539e-01   4.7295737e-04   1.0000000e+00   0.0000000e+00   3.0500767e+00
   2.9828882e-02   1.8543324e-01   1.1145859e+00   4.7103597e+02   4.8938358e-04   9.8002525e-01   3.9357030e-04   1.0000000e+00   0.0000000e+00   3.0467779e+00
   2.6482105e-02   2.8589306e-01   7.4518882e-01   4.3235239e+02   3.3171833e-04   3.8066137e-01   2.8522956e-04   1.0000000e+00   0.0000000e+00   2.9160969e+00
   2.5128055e-02   3.1465344e-01   9.8082347e-01   4.2571443e+02   4.8922169e-04   2.4725837e-01   4.9915075e-04   1.0000000e+00   0.0000000e+00   3.0267191e+00
   2.5513875e-02   8.6827278e-05   7.6580466e-01   4.6538850e+02   2.5553799e-04   2.2544916e-01   2.5615466e-04   1.0000000e+00   0.0000000e+00   2.9652267e+00
   3.0177927e-02   4.8775058e-02   1.2721840e+00   4.9312704e+02   2.9246676e-04   7.9768058e-01   4.6948195e-04   1.0000000e+00   0.0000000e+00   2.8138438e+00
   3.5027027e-02   6.7886471e-01   1.3055303e+00   4.4982111e+02   3.5621977e-04   5.9182366e-01   4.2640257e-04   1.0000000e+00   0.0000000e+00   2.9685566e+00
   2.5446045e-02   5.8365164e-01   1.1380716e+00   4.5097562e+02   4.3364012e-04   4.4207476e-01   4.9648082e-04   1.0000000e+00   0.0000000e+00   3.1189324e+00
   2.6842105e-02   7.3040962e-01   2.7303003e-01   4.4396597e+02   4.3350756e-04   7.3510952e-01   4.2852473e-04   1.0000000e+00   1.0000000e+00   2.8236885e+00
   2.7968419e-02   1.2815521e+00   1.3033252e+00   4.7447431e+02   4.4744051e-04   1.0419117e+00   4.1397536e-04   1.0000000e+00   1.0000000e+00   2.9481197e+00
   2.8930521e-02   3.3136802e-01   1.0289881e+00   4.2227926e+02   3.4642565e-04   9.7692924e-01   3.9127660e-04   1.0000000e+00   0.0000000e+00   2.8462752e+00
   4.0753555e-02   2.2510138e-02   1.0520762e+00   4.3102773e+02   2.6274657e-04   8.3877166e-01   2.8118336e-04   1.0000000e+00   0.0000000e+00   2.8926070e+00
   4.2523336e-02   6.1437126e-01   1.3488638e+00   4.7591646e+02   2.8545785e-04   3.3300375e-01   4.4951820e-04   1.0000000e+00   0.0000000e+00   3.0186020e+00
   3.1971061e-02   2.5154393e-01   9.3119803e-01   4.2779722e+02   4.7335351e-04   7.4228794e-01   3.0128026e-04   1.0000000e+00   0.0000000e+00   2.7698847e+00
   3.0261242e-02   3.4945328e-01   1.1237001e+00   4.4063428e+02   3.0527079e-04   4.6021724e-01   4.6108699e-04   1.0000000e+00   0.0000000e+00   2.9747453e+00
   2.7924562e-02   5.6345203e-01   9.2683811e-02   5.0054983e+02   2.8422236e-04   9.1655048e-01   3.6630392e-04   1.0000000e+00   1.0000000e+00   2.8174941e+00
   3.2273102e-02   5.4814458e-01   1.2107520e+00   4.8329214e+02   3.4342659e-04   7.5389755e-01   3.5825956e-04   1.0000000e+00   0.0000000e+00   2.9311560e+00
   3.4785092e-02   4.6794534e-01   1.1958052e+00   4.5730325e+02   2.5122464e-04   9.3216228e-01   3.7565303e-04   1.0000000e+00   0.0000000e+00   2.9379880e+00
   4.6620679e-02   1.9473436e-01   1.2957791e+00   4.2865434e+02   4.3903828e-04   5.4553031e-01   4.4791067e-04   1.0000000e+00   0.0000000e+00   2.8645805e+00
   2.7938402e-02   3.7351239e-01   1.0060332e+00   4.8560491e+02   2.5993097e-04   2.8307277e-01   3.0518734e-04   1.0000000e+00   0.0000000e+00   2.9672212e+00
   2.7090526e-02   5.2999901e-01   5.8783658e-01   4.8630457e+02   4.9266982e-04   7.3257260e-01   3.1777489e-04   1.0000000e+00   1.0000000e+00   2.8303752e+00
   2.5500667e-02   9.1927486e-01   1.1765898e+00   4.2443277e+02   3.7527466e-04   1.0361624e+00   3.6726582e-04   1.0000000e+00   0.0000000e+00   3.0798696e+00
   3.4955096e-02   3.1372684e-01   8.7286866e-01   4.6148855e+02   4.5646024e-04   9.7249806e-01   2.8605819e-04   1.0000000e+00   1.0000000e+00   2.9007761e+00
   3.1326032e-02   1.1279155e+00   1.3407994e+00   4.6316324e+02   3.8722289e-04   8.9360936e-01   2.8720272e-04   1.0000000e+00   0.0000000e+00   2.9079290e+00
   2.5250494e-02   5.6742090e-01   9.3775515e-01   4.3858781e+02   4.5940936e-04   2.8008443e-01   3.9540172e-04   1.0000000e+00   0.0000000e+00   2.9873980e+00
   2.8907907e-02   1.0453607e+00   1.2187064e+00   4.6873163e+02   3.1922042e-04   5.4636750e-01   3.2750046e-04   1.0000000e+00   0.0000000e+00   2.9883917e+00
   2.9506111e-02   8.6226380e-01   2.6457531e-01   4.7545496e+02   2.6261640e-04   8.8666164e-01   4.3952262e-04   1.0000000e+00   1.0000000e+00   2.9313413e+00
   4.3054473e-02   9.8252356e-01   1.3335603e+00   4.2309148e+02   3.7649417e-04   2.9733900e-01   3.1817067e-04   1.0000000e+00   0.0000000e+00   2.7887784e+00
   2.6221478e-02   1.9436916e-01   8.7223370e-01   4.3499944e+02   4.8446298e-04   6.4905486e-01   3.1307650e-04   1.0000000e+00   0.0000000e+00   2.8685709e+00
   3.7516403e-02   5.9029956e-01   1.2846924e+00   4.4864057e+02   4.7938180e-04   3.1686529e-01   4.6056271e-04   1.0000000e+00   0.0000000e+00   2.9619055e+00
   4.4797838e-02   4.8768960e-01   1.2936781e+00   4.5253603e+02   2.5350690e-04   6.2859496e-01   3.8346064e-04   1.0000000e+00   0.0000000e+00   3.0270080e+00
   4.0783918e-02   7.0648904e-02   1.2437040e+00   4.3755327e+02   3.5050666e-04   7.0195341e-01   4.3862998e-04   1.0000000e+00   0.0000000e+00   2.8588087e+00
   3.1227326e-02   2.4613214e-01   1.0382826e+00   4.4278028e+02   4.4693863e-04   4.0451325e-01   3.4680653e-04   1.0000000e+00   0.0000000e+00   3.0199776e+00
   2.5919580e-02   8.2245515e-01   1.1154879e+00   4.7944856e+02   3.6681676e-04   7.4450935e-01   2.8325093e-04   1.0000000e+00   0.0000000e+00   3.0383620e+00
   2.7948093e-02   3.3398477e-01   8.4439395e-01   4.8059557e+02   4.6672869e-04   1.9235873e-01   2.6050794e-04   1.0000000e+00   0.0000000e+00   3.0946645e+00
   3.0288363e-02   2.7797919e-01   1.0101943e+00   4.3150880e+02   3.1753528e-04   7.0189812e-01   4.3613195e-04   1.0000000e+00   0.0000000e+00   2.9098307e+00
   2.8658390e-02   3.6749148e-01   4.2671896e-01   4.2694517e+02   4.5046973e-04   9.7308750e-01   3.4802926e-04   1.0000000e+00   1.0000000e+00   2.9791943e+00
   2.5114405e-02   1.1337866e+00   8.3836045e-02   4.2363447e+02   3.8625944e-04   5.2965331e-01   2.6611626e-04   1.0000000e+00   1.0000000e+00   2.6837684e+00
   3.2415807e-02   1.1059542e-01   9.9349296e-01   4.8428564e+02   3.5356438e-04   4.9081108e-01   2.5255799e-04   1.0000000e+00   0.0000000e+00   2.6829941e+00
   2.5714409e-02   1.4012995e-02   8.9713258e-01   4.8724241e+02   4.8549712e-04   7.5046193e-01   3.1856489e-04   1.0000000e+00   0.0000000e+00   2.9985102e+00
   2.6875985e-02   4.4484929e-01   1.0992267e+00   4.9216062e+02   4.0468204e-04   3.6632863e-01   3.8590610e-04   1.0000000e+00   0.0000000e+00   2.9735251e+00
   3.1274533e-02   6.9760349e-01   7.4827019e-01   4.5974073e+02   4.9146104e-04   7.1392757e-01   2.8232241e-04   1.0000000e+00   1.0000000e+00   2.8884764e+00
   2.7782714e-02   5.9882321e-01   1.0492513e-01   4.5069662e+02   4.4365704e-04   7.2372812e-01   3.2917881e-04   1.0000000e+00   1.0000000e+00   2.8916341e+00
